POSE3 0 0 0 1 0 0 0 1 0 0 0 1
POSE3 140 0.711278 219.052 0.999949 0.00300137 -0.00961665 -0.00308985 0.999953 -0.00919922 0.00958859 0.00922847 0.999911
POSE3 119.391 1.28298 480.368 0.999851 0.00228328 -0.0171062 -0.00210311 0.999942 0.0105434 0.0171292 -0.0105058 0.999798
POSE3 181.204 0.367475 733.622 0.999818 0.00835717 -0.0171533 -0.00858968 0.999872 -0.0135264 0.0170381 0.0136712 0.999761
POSE3 130.09 0.386491 981.895 0.999632 -0.000550921 -0.0271223 0.000216563 0.999924 -0.0123292 0.027127 0.0123188 0.999556
POSE3 198.708 0.196068 1234.44 0.999953 -0.00230476 -0.00946722 0.00211909 0.999806 -0.0195751 0.0095105 0.0195541 0.999764
POSE3 69.7939 0.322222 1465.89 0.99977 0.0028426 -0.0212572 -0.00313183 0.999903 -0.0135853 0.0212165 0.0136488 0.999682
POSE3 194.04 0.416731 1694.1 0.999933 -0.00167064 -0.0114161 0.00134517 0.999594 -0.0284584 0.011459 0.0284412 0.99953
POSE3 118.45 1.12577 1936.83 0.999772 0.00085353 -0.0213556 -0.000626325 0.999943 0.0106436 0.0213635 -0.0106277 0.999715
POSE3 189.626 0.117857 2182 0.999864 0.0056703 -0.0154969 -0.00617556 0.999444 -0.032753 0.0153025 0.0328442 0.999343
POSE3 116.015 0.0713175 2426.86 0.999571 -0.00816215 -0.0281428 0.00762216 0.999786 -0.0192418 0.0282938 0.019019 0.999419
POSE3 239.662 0.612547 2661.76 0.999786 -0.0126859 -0.01631 0.0125268 0.999873 -0.00982081 0.0164326 0.0096144 0.999819
POSE3 113.355 0.676406 2887.43 0.999635 0.00664096 -0.0261913 -0.00701576 0.999874 -0.0142444 0.0260934 0.0144229 0.999556
POSE3 228.291 0.137568 3110.8 0.99983 0.00384453 -0.0180186 -0.00407889 0.999907 -0.0129878 0.017967 0.0130591 0.999753
POINT3 -1918.77 -1745.32 4329.6 0.933333 0.933333 0.933333
POINT3 -544.978 -548.589 6478.83 0.596078 0.596078 0.596078
POINT3 -4701.16 -2667.16 7567.71 0.388235 0.388235 0.388235
POINT3 -3123.62 -2202.51 5360.47 0.423529 0.423529 0.423529
POINT3 2495.44 -2865.03 10006.2 0.231373 0.231373 0.231373
POINT3 1857.22 -2806.77 9896.24 0.309804 0.309804 0.309804
POINT3 -1860.91 -2245.76 10982.4 0.403922 0.403922 0.403922
POINT3 1361.18 -4015.34 6670.8 0.486275 0.486275 0.486275
POINT3 2856.29 -2511.76 4975.46 0.627451 0.627451 0.627451
POINT3 4668.85 -2220.53 6126.24 0.537255 0.537255 0.537255
POINT3 -3082.09 -1035.19 8829 0.564706 0.564706 0.564706
POINT3 1637.22 -4278.06 7035.61 0.705882 0.705882 0.705882
POINT3 2752.47 -2565.04 4815.82 0.690196 0.690196 0.690196
POINT3 2349.77 -1385.04 5663.89 0.545098 0.545098 0.545098
POINT3 -1361.77 -466.48 5699.73 0.498039 0.498039 0.498039
POINT3 3144.49 -1762.54 7204.46 0.298039 0.298039 0.298039
POINT3 3039.8 -2544.99 5003.1 0.741176 0.741176 0.741176
POINT3 -4090.4 -552.853 6478.83 0.564706 0.564706 0.564706
POINT3 1699.68 -3916.85 6573.41 0.615686 0.615686 0.615686
POINT3 -627.332 -1273.89 6621.75 0.298039 0.298039 0.298039
POINT3 -953.513 1081.49 2104.11 0.541176 0.541176 0.541176
POINT3 1341.67 -203.787 6168.2 0.14902 0.14902 0.14902
POINT3 156.361 -380.84 6084.85 0.552941 0.552941 0.552941
POINT3 -1627.24 -333.474 3645.98 0.25098 0.25098 0.25098
POINT3 -121.656 -3889.18 6670.8 0.631373 0.631373 0.631373
POINT3 -2256.52 487.26 4247.91 0.286275 0.286275 0.286275
POINT3 -2459.31 -700.929 4764.86 0.258824 0.258824 0.258824
POINT3 -3186.73 -947.511 8576.74 0.219608 0.219608 0.219608
POINT3 2962.94 -580.777 4975.46 0.172549 0.172549 0.172549
POINT3 -1140.77 -123.192 6003.72 0.219608 0.219608 0.219608
POINT3 -384.656 -1174.49 6386.93 0.301961 0.301961 0.301961
POINT3 304.761 -1801.88 8040.69 0.243137 0.243137 0.243137
POINT3 1866.75 -621.86 7631.85 0.0666667 0.0666667 0.0666667
POINT3 -2744.82 -666.52 4458.21 0.266667 0.266667 0.266667
POINT3 -2527.89 -108.06 4227.97 0.14902 0.14902 0.14902
POINT3 4863.91 -1802.25 7262.56 0.219608 0.219608 0.219608
POINT3 1919.78 -697.77 6084.85 0.219608 0.219608 0.219608
POINT3 2289.04 -37.1388 5736.03 0.384314 0.384314 0.384314
POINT3 -266.198 -596.267 6253.87 0.207843 0.207843 0.207843
POINT3 455.41 -1942.34 7969.54 0.192157 0.192157 0.192157
POINT3 2376.4 314.626 3865.05 0.176471 0.176471 0.176471
POINT3 -1449.53 789.944 3949.81 0.321569 0.321569 0.321569
POINT3 3066.19 -381.607 5087.89 0.207843 0.207843 0.207843
POINT3 1863.21 -276.622 7204.46 0.184314 0.184314 0.184314
POINT3 2196.47 -674.597 7631.85 0.113725 0.113725 0.113725
POINT3 -2505.06 340.363 3984.77 0.396078 0.396078 0.396078
POINT3 3310.21 -1153.86 4618.25 0.321569 0.321569 0.321569
POINT3 694.617 -3944.05 7091.01 0.45098 0.45098 0.45098
POINT3 3086.23 -2447 4921.08 0.690196 0.690196 0.690196
POINT3 2722.45 -64.1871 5328.74 0.282353 0.282353 0.282353
POINT3 3232.59 -543.248 4790.2 0.133333 0.133333 0.133333
POINT3 -1974.19 -2550.74 4392.96 0.619608 0.619608 0.619608
POINT3 -301.798 -347.938 6126.24 0.0784314 0.0784314 0.0784314
POINT3 124.96 145.016 6003.72 0.156863 0.156863 0.156863
POINT3 856.568 -2680.23 6573.42 0.34902 0.34902 0.34902
POINT3 163.783 -2463.63 7262.56 0.333333 0.333333 0.333333
POINT3 2864.49 35.0477 5297.4 0.133333 0.133333 0.133333
POINT3 3387.56 -765.163 4948.12 0.14902 0.14902 0.14902
POINT3 3140.65 -364.997 4948.12 0.0980392 0.0980392 0.0980392
POINT3 -1989.48 -861.814 4329.6 0.243137 0.243137 0.243137
POINT3 1457.91 201.717 6981.07 0.113725 0.113725 0.113725
POINT3 -1453.27 93.7388 3932.56 0.0941176 0.0941176 0.0941176
POINT3 2664.48 140.55 3616.7 0.25098 0.25098 0.25098
POINT3 -1744.44 -625.519 3881.71 0.0666667 0.0666667 0.0666667
POINT3 3374.99 -283.557 4841.71 0.12549 0.12549 0.12549
POINT3 2842.66 -931.724 5059.31 0.219608 0.219608 0.219608
POINT3 -775.71 590.726 5810.05 0.333333 0.333333 0.333333
POINT3 3399.69 -139.304 4548.27 0.117647 0.117647 0.117647
POINT3 -4278.56 -2448.12 7631.84 0.258824 0.258824 0.258824
POINT3 -2095.43 -2619.03 4414.5 0.694118 0.694118 0.694118
POINT3 1597.08 218.77 6044.01 0.113725 0.113725 0.113725
POINT3 3223.02 -693.52 4921.08 0.2 0.2 0.2
POINT3 3261.29 -983.797 4594.68 0.184314 0.184314 0.184314
POINT3 2260.72 744.485 4841.71 0.231373 0.231373 0.231373
POINT3 4615.84 -2242.04 6084.85 0.376471 0.376471 0.376471
POINT3 2837.06 -2725.63 4867.88 0.584314 0.584314 0.584314
POINT3 -4706.48 -2664.78 7567.71 0.388235 0.388235 0.388235
POINT3 -978.352 -2770.59 4975.46 0.745098 0.745098 0.745098
POINT3 -2320.16 -2890.48 10594.8 0.25098 0.25098 0.25098
POINT3 1608.74 -3978.77 6573.41 0.478431 0.478431 0.478431
POINT3 -993.487 -2608.98 5116.81 0.639216 0.639216 0.639216
POINT3 -1186.03 -2634.15 5175.62 0.4 0.4 0.4
POINT3 2880.21 -3200.64 11399.5 0.211765 0.211765 0.211765
POINT3 -809.418 1081.98 1924.27 0.513726 0.513726 0.513726
POINT3 -960.584 1083.11 2104.11 0.337255 0.337255 0.337255
POINT3 -134.046 -3933.07 6720.58 0.537255 0.537255 0.537255
POINT3 -2456.93 -686.682 4739.78 0.164706 0.164706 0.164706
POINT3 -2747.48 -661.455 4458.21 0.266667 0.266667 0.266667
POINT3 3311.59 -1153.53 4618.25 0.282353 0.282353 0.282353
POINT3 -2484.25 93.4722 4038.38 0.172549 0.172549 0.172549
POINT3 1396.64 -4725.86 7969.54 0.54902 0.54902 0.54902
POINT3 -1045.69 479.452 5886 0.317647 0.317647 0.317647
POINT3 -1914.07 -2429.31 4288.37 0.556863 0.556863 0.556863
POINT3 3459.05 -863.837 4894.34 0.215686 0.215686 0.215686
POINT3 1137.64 -6.73167 6386.93 0.0901961 0.0901961 0.0901961
POINT3 -2142.41 -2385.04 3967.21 0.560784 0.560784 0.560784
POINT3 -426.709 -433.835 6341.96 0.117647 0.117647 0.117647
POINT3 2636.01 -2618.54 4764.86 0.623529 0.623529 0.623529
POINT3 -521.819 -780.519 6168.2 0.0470588 0.0470588 0.0470588
POINT3 2863.39 -83.7721 5175.62 0.105882 0.105882 0.105882
POINT3 -3458.5 -642.312 6822.41 0.0627451 0.0627451 0.0627451
POINT3 -2024.64 -1193.1 4594.68 0.239216 0.239216 0.239216
POINT3 -1485.75 -344.56 3559.52 0.156863 0.156863 0.156863
POINT3 -736.894 1081.16 1907.96 0.294118 0.294118 0.294118
POINT3 -1585.99 -107.099 3587.88 0.113725 0.113725 0.113725
POINT3 -464.521 -993.97 5843.83 0.0705882 0.0705882 0.0705882
POINT3 -1564.55 -574.877 4090.11 0.458824 0.458824 0.458824
POINT3 3365.45 -141.864 4634.53 0.109804 0.109804 0.109804
POINT3 -725.825 -179.724 6080.6 0.176471 0.176471 0.176471
POINT3 -1850.26 -580.245 4127.89 0.266667 0.266667 0.266667
POINT3 -1650.13 648.816 4016.32 0.223529 0.223529 0.223529
POINT3 -519.959 -344.601 5843.47 0.254902 0.254902 0.254902
POINT3 -1098.43 -620.609 6428.88 0.25098 0.25098 0.25098
POINT3 -1876.86 104.195 4185.13 0.235294 0.235294 0.235294
POINT3 -1254.5 617.79 4284.05 0.266667 0.266667 0.266667
POINT3 -667.114 -196.349 5805.77 0.0509804 0.0509804 0.0509804
POINT3 -609.834 -374.55 5554.78 0.580392 0.580392 0.580392
POINT3 -1316.44 574.112 4476.14 0.223529 0.223529 0.223529
POINT3 -1473.41 506.326 4388.88 0.101961 0.101961 0.101961
POINT3 3136.08 -525.844 4887.23 0.164706 0.164706 0.164706
POINT3 -2338.86 772.556 3946.26 0.262745 0.262745 0.262745
POINT3 -1608.59 -213.763 3796.3 0.333333 0.333333 0.333333
POINT3 -1633.11 220.574 4108.36 0.286275 0.286275 0.286275
POINT3 -2122.01 465.788 4476.85 0.129412 0.129412 0.129412
POINT3 -1599.69 -21.4329 4034.72 0.137255 0.137255 0.137255
POINT3 -1889.98 421.159 4521.72 0.360784 0.360784 0.360784
POINT3 -1496.11 -329.779 3845 0.247059 0.247059 0.247059
POINT3 -1709.69 -450.092 4127.7 0.270588 0.270588 0.270588
POINT3 -1451.29 725.235 4325.37 0.258824 0.258824 0.258824
POINT3 3417.47 -1080.35 4473.4 0.0784314 0.0784314 0.0784314
POINT3 -1058.6 -2475.29 7966.98 0.521569 0.521569 0.521569
POINT3 -1510.01 -315.149 3946.27 0.490196 0.490196 0.490196
POINT3 -1590.13 658.334 4034.29 0.105882 0.105882 0.105882
POINT3 -2339.83 755.886 4016.8 0.180392 0.180392 0.180392
POINT3 -934.741 -2636.85 5109.78 0.6 0.6 0.6
POINT3 -1228.56 478.267 4809.99 0.423529 0.423529 0.423529
POINT3 -330.171 -84.534 1002.01 0.0745098 0.0745098 0.0745098
POINT3 -318.365 624.797 5657.66 0.282353 0.282353 0.282353
POINT3 3074.41 -2396.97 4939.23 0.388235 0.388235 0.388235
POINT3 -2054.79 -2410.87 4107.18 0.72549 0.72549 0.72549
POINT3 -1456.25 -3.64818 3927.77 0.341176 0.341176 0.341176
POINT3 -1903.04 -91.4512 4475.64 0.0862745 0.0862745 0.0862745
POINT3 10.5041 -289.51 1673.94 0.211765 0.211765 0.211765
POINT3 -542.068 -99.7442 1067.19 0.109804 0.109804 0.109804
POINT3 -1248.44 -212.347 5660.87 0.215686 0.215686 0.215686
POINT3 -1106.13 -2601.37 5032.16 0.0823529 0.0823529 0.0823529
POINT3 -1308.88 -294.543 4277.74 0.145098 0.145098 0.145098
POINT3 220.281 -2438.71 7508.45 0.247059 0.247059 0.247059
POINT3 675.163 -473.897 6580.91 0.266667 0.266667 0.266667
POINT3 2559.42 -4630.79 7482.8 0.34902 0.34902 0.34902
POINT3 -257.849 576.145 5545.08 0.0823529 0.0823529 0.0823529
POINT3 1135.39 244.315 6407.71 0.129412 0.129412 0.129412
POINT3 1614.96 -4122.98 6874.22 0.45098 0.45098 0.45098
POINT3 850.716 -3997.19 7203.6 0.2 0.2 0.2
POINT3 3072.06 -549.898 4962.84 0.0666667 0.0666667 0.0666667
POINT3 3441.06 -666.579 4888.44 0.231373 0.231373 0.231373
POINT3 -1716.72 630.587 4977.62 0.207843 0.207843 0.207843
POINT3 627.323 1105.72 2213.56 0.52549 0.52549 0.52549
POINT3 2814.77 -2510.69 4962.13 0.0823529 0.0823529 0.0823529
POINT3 2913.44 -2597.43 4949.5 0.211765 0.211765 0.211765
POINT3 1589.92 -5179.17 8826.86 0.490196 0.490196 0.490196
POINT3 -917.72 1089.13 2096.37 0.501961 0.501961 0.501961
POINT3 1142.36 -4337.48 7406.52 0.407843 0.407843 0.407843
POINT3 2363.78 416.497 4903.57 0.0666667 0.0666667 0.0666667
POINT3 2678.05 -165.045 5479.96 0.160784 0.160784 0.160784
POINT3 -1830.26 375.914 5170.53 0.658824 0.658824 0.658824
POINT3 -1018.86 -2300.45 11774.5 0.388235 0.388235 0.388235
POINT3 -1166.53 -2385.95 5204.52 0.745098 0.745098 0.745098
POINT3 1975.15 -2561.55 5726.42 0.486275 0.486275 0.486275
POINT3 -1760.78 629.788 4289.1 0.196078 0.196078 0.196078
POINT3 -792.068 -910.987 4736.14 0.4 0.4 0.4
POINT3 -569.494 783.367 4367.63 0.462745 0.462745 0.462745
POINT3 -550.405 43.88 4929.23 0.192157 0.192157 0.192157
POINT3 -1998.54 -610.943 4027.05 0.211765 0.211765 0.211765
POINT3 -2547.41 -198.087 4442.9 0.192157 0.192157 0.192157
POINT3 -1757.46 -254.019 3664.52 0.231373 0.231373 0.231373
POINT3 -2699.65 -410.953 4786.07 0.168627 0.168627 0.168627
POINT3 3199.14 -337.781 5162.17 0.180392 0.180392 0.180392
POINT3 -2249.67 807.912 4204.81 0.705882 0.705882 0.705882
POINT3 1523.65 -4400.25 7450.97 0.635294 0.635294 0.635294
POINT3 -1907.99 118.325 4725.41 0.137255 0.137255 0.137255
POINT3 -1752.28 285.836 5620.14 0.556863 0.556863 0.556863
POINT3 2397.31 -4807.45 7886.85 0.596078 0.596078 0.596078
POINT3 -600.519 258.331 4761.58 0.25098 0.25098 0.25098
POINT3 -2142.88 -681.626 3923.79 0.196078 0.196078 0.196078
POINT3 -2367.26 578.923 4445.68 0.211765 0.211765 0.211765
POINT3 -2483.98 -2766.74 4712.65 0.505882 0.505882 0.505882
POINT3 1460.46 -4192.53 7288.67 0.666667 0.666667 0.666667
POINT3 1787.85 -4552.09 7751.38 0.643137 0.643137 0.643137
POINT3 3107.04 91.0226 4215.73 0.529412 0.529412 0.529412
POINT3 3161.27 -2545.62 5237.42 0.8 0.8 0.8
POINT3 3729.99 -874.768 5188.1 0.25098 0.25098 0.25098
POINT3 -2320.75 -131.198 4166.73 0.396078 0.396078 0.396078
POINT3 -2094.11 548.04 4375.31 0.129412 0.129412 0.129412
POINT3 3425.57 -1128.26 4804.28 0.341176 0.341176 0.341176
POINT3 3541.01 -242.586 5069.81 0.117647 0.117647 0.117647
POINT3 3168.83 -2404.36 5155.36 0.34902 0.34902 0.34902
POINT3 -1186.79 -2632.92 5315.61 0.34902 0.34902 0.34902
POINT3 -1830.34 541.038 4399.41 0.270588 0.270588 0.270588
POINT3 2896.97 -2589.54 5150.28 0.133333 0.133333 0.133333
POINT3 -2034.55 -59.7681 4280.1 0.156863 0.156863 0.156863
POINT3 2699.26 -593.282 5589.72 0.12549 0.12549 0.12549
POINT3 3271.19 -205.554 5152.35 0.137255 0.137255 0.137255
POINT3 -2087.61 -693.495 4558.08 0.345098 0.345098 0.345098
POINT3 -1919.61 -365.021 3890.13 0.294118 0.294118 0.294118
POINT3 -1642.53 602.245 5360.98 0.494118 0.494118 0.494118
POINT3 -2167.04 514.22 4304.58 0.133333 0.133333 0.133333
POINT3 2924.97 -2556.12 5205.48 0.286275 0.286275 0.286275
POINT3 -1953.99 639.353 4666.04 0.160784 0.160784 0.160784
POINT3 3143.12 -361.955 5367.67 0.262745 0.262745 0.262745
POINT3 -1010.75 -2783.92 5946.55 0.611765 0.611765 0.611765
POINT3 3364.33 -654.016 5204.21 0.223529 0.223529 0.223529
POINT3 -2285.79 -532.638 4640.98 0.247059 0.247059 0.247059
POINT3 -1283 349.974 4653.56 0.227451 0.227451 0.227451
POINT3 -1253.98 -727.555 4443.67 0.243137 0.243137 0.243137
POINT3 2600.54 280.09 4152.54 0.196078 0.196078 0.196078
POINT3 -1411.91 -825.717 4598.81 0.196078 0.196078 0.196078
POINT3 -1317.08 -882.913 4190.24 0.137255 0.137255 0.137255
POINT3 -817.662 -2659.69 5015.76 0.576471 0.576471 0.576471
POINT3 -970.979 -198.124 4178.52 0.396078 0.396078 0.396078
POINT3 -1264.18 -2353.86 5263.54 0.784314 0.784314 0.784314
POINT3 -1265.52 -532.844 4435.91 0.0705882 0.0705882 0.0705882
POINT3 -1134.57 -271.898 6049.6 0.188235 0.188235 0.188235
POINT3 1906.47 -1168.25 6202.69 0.0980392 0.0980392 0.0980392
POINT3 3354.78 -2526.55 5280.04 0.74902 0.74902 0.74902
POINT3 -1088.24 -580.535 4439.05 0.305882 0.305882 0.305882
POINT3 -2142.2 731.433 4641.66 0.278431 0.278431 0.278431
POINT3 -1151.2 -64.0236 4388.15 0.152941 0.152941 0.152941
POINT3 -1457.08 -870.566 4469.1 0.105882 0.105882 0.105882
POINT3 -540.695 -3385.75 12667.8 0.854902 0.854902 0.854902
POINT3 -1149.66 -555.649 4313.08 0.305882 0.305882 0.305882
POINT3 -1213.48 540.308 5824.06 0.231373 0.231373 0.231373
POINT3 3029.15 -922.178 5316.81 0.235294 0.235294 0.235294
POINT3 -1133.71 -521.326 4432.87 0.0705882 0.0705882 0.0705882
POINT3 -1971.47 437.178 4532.44 0.0784314 0.0784314 0.0784314
POINT3 1889.3 -274.824 6521.19 0.219608 0.219608 0.219608
POINT3 -1301.34 -221.46 4180.95 0.25098 0.25098 0.25098
POINT3 -1214.36 -68.7377 4316.14 0.188235 0.188235 0.188235
POINT3 3128.02 -2685.03 5267.02 0.372549 0.372549 0.372549
POINT3 -1842.84 304.334 4820.06 0.458824 0.458824 0.458824
POINT3 512.902 1036.59 3271.38 0.505882 0.505882 0.505882
POINT3 -1952.7 505.927 4957.81 0.333333 0.333333 0.333333
POINT3 -1106.81 -655.634 4359.84 0.172549 0.172549 0.172549
POINT3 2941.11 55.7463 5752.75 0.0627451 0.0627451 0.0627451
POINT3 3367.79 -2475.82 5320.88 0.564706 0.564706 0.564706
POINT3 2704.43 409.641 4313.5 0.196078 0.196078 0.196078
POINT3 -1976.95 -2058.08 4355.98 0.603922 0.603922 0.603922
POINT3 1836.3 -5805.57 10115.8 0.705882 0.705882 0.705882
POINT3 1045.02 -3989.71 7316.77 0.372549 0.372549 0.372549
POINT3 1195.09 -2644.63 6531.74 0.443137 0.443137 0.443137
POINT3 -1857.2 -200.199 4209.22 0.160784 0.160784 0.160784
POINT3 3248.34 -486.113 5245.4 0.0862745 0.0862745 0.0862745
POINT3 -2968.53 -1153.56 11591.8 0.0823529 0.0823529 0.0823529
POINT3 455.489 1056.8 3267.69 0.32549 0.32549 0.32549
POINT3 1045.3 -3998.02 7441.22 0.376471 0.376471 0.376471
POINT3 -1277.72 267.511 4407.12 0.2 0.2 0.2
POINT3 -1666.34 -411.396 4279.68 0.219608 0.219608 0.219608
POINT3 -1492.21 -2576.24 5361.17 0.301961 0.301961 0.301961
POINT3 2909.03 -695.317 5327.19 0.109804 0.109804 0.109804
POINT3 -1363.22 -191.04 4023.04 0.27451 0.27451 0.27451
POINT3 3039.79 -2488.86 5280.41 0.6 0.6 0.6
POINT3 819.33 -300.324 2992.15 0.133333 0.133333 0.133333
POINT3 2917.72 -2435.7 5199.21 0.513726 0.513726 0.513726
POINT3 -71.4964 -138.392 3873.49 0.0823529 0.0823529 0.0823529
POINT3 -4110.9 -2074.51 10601.8 0.266667 0.266667 0.266667
POINT3 3043.66 -854.626 5349.64 0.223529 0.223529 0.223529
POINT3 -2069.92 126.083 4614.9 0.176471 0.176471 0.176471
POINT3 -1713.29 933.468 3787.65 0.294118 0.294118 0.294118
POINT3 -2085.24 -504.561 4570.9 0.415686 0.415686 0.415686
POINT3 383.446 1058.58 3345.79 0.52549 0.52549 0.52549
POINT3 -1527.76 26.5705 4013.18 0.27451 0.27451 0.27451
POINT3 1101.4 -374.839 2401.87 0.254902 0.254902 0.254902
POINT3 -2081.28 -192.556 4623.66 0.172549 0.172549 0.172549
POINT3 2002.31 -2547.88 6033.93 0.513726 0.513726 0.513726
POINT3 1054.95 -369.603 2363.33 0.176471 0.176471 0.176471
POINT3 -1851.07 -515.599 4422.98 0.211765 0.211765 0.211765
POINT3 -1112.08 -252.004 4391.02 0.156863 0.156863 0.156863
POINT3 534.259 1097.26 3273.31 0.54902 0.54902 0.54902
POINT3 412.551 1106.22 3264.84 0.552941 0.552941 0.552941
POINT3 2714.78 -2341.17 5300.71 0.572549 0.572549 0.572549
POINT3 1092.41 -365.175 2426.32 0.258824 0.258824 0.258824
POINT3 743.17 -3906.6 7411.9 0.541176 0.541176 0.541176
POINT3 3121.41 75.0367 5600.88 0.168627 0.168627 0.168627
POINT3 445.062 1112.72 3261.15 0.286275 0.286275 0.286275
POINT3 -785.909 -2046.78 11788.6 0.439216 0.439216 0.439216
POINT3 -1998.76 845.222 4689.37 0.207843 0.207843 0.207843
POINT3 -807.081 -497.774 2548.42 0.243137 0.243137 0.243137
POINT3 -1547.05 102.189 5755.54 0.152941 0.152941 0.152941
POINT3 -2080.12 856.726 4547.5 0.247059 0.247059 0.247059
POINT3 16.1309 -62.1582 2918.34 0.2 0.2 0.2
POINT3 1268.44 328.788 9823.22 0.192157 0.192157 0.192157
POINT3 410.051 1109.21 3203.14 0.572549 0.572549 0.572549
POINT3 -1332.02 -2313.62 5414.87 0.776471 0.776471 0.776471
POINT3 3167.57 -1144.84 5352.28 0.243137 0.243137 0.243137
POINT3 2806.7 -80.8221 5642.62 0.0588235 0.0588235 0.0588235
POINT3 3009.72 142.727 5641.05 0.0509804 0.0509804 0.0509804
POINT3 -1326.98 -2349.65 5120.45 0.396078 0.396078 0.396078
POINT3 -1277.43 790.384 4589.07 0.184314 0.184314 0.184314
POINT3 1962.27 69.7353 6050.16 0.156863 0.156863 0.156863
POINT3 2838.71 -2382.53 5327.07 0.843137 0.843137 0.843137
POINT3 -2826.1 -612.955 8810.2 0.427451 0.427451 0.427451
POINT3 502.999 -1862.41 8642 0.305882 0.305882 0.305882
POINT3 2228.08 102.819 7857.86 0.329412 0.329412 0.329412
POINT3 -1103.15 -2487.13 5371.49 0.145098 0.145098 0.145098
POINT3 1932.83 -434.192 7853.26 0.0901961 0.0901961 0.0901961
POINT3 -990.457 -2462.89 5432.91 0.627451 0.627451 0.627451
POINT3 -1541.06 -716.442 4376.4 0.14902 0.14902 0.14902
POINT3 3008.89 204.713 5437.8 0.129412 0.129412 0.129412
POINT3 -1414.52 -645.838 4314.47 0.435294 0.435294 0.435294
POINT3 -1506.58 -2355.54 5055.06 0.337255 0.337255 0.337255
POINT3 2405.3 -747.555 5393.46 0.160784 0.160784 0.160784
POINT3 -1532.86 73.6843 4307.21 0.0705882 0.0705882 0.0705882
POINT3 -893.866 -1393.13 11315.3 0.188235 0.188235 0.188235
POINT3 2346.71 -1144.98 5424.91 0.243137 0.243137 0.243137
POINT3 2809.87 -744.429 5015.48 0.243137 0.243137 0.243137
POINT3 2278.43 -516.769 7982.42 0.152941 0.152941 0.152941
POINT3 -1699.28 936.386 4314.16 0.0980392 0.0980392 0.0980392
POINT3 11.9007 1059.37 3483.05 0.384314 0.384314 0.384314
POINT3 356.635 1111.38 3312.87 0.584314 0.584314 0.584314
POINT3 -1059.99 -2698.65 6064.33 0.694118 0.694118 0.694118
POINT3 124.779 -2676.93 13007.3 0.121569 0.121569 0.121569
POINT3 -1655.92 -637.845 8967.51 0.0823529 0.0823529 0.0823529
POINT3 -1515.72 -70.8624 4151.7 0.0980392 0.0980392 0.0980392
POINT3 476.093 1107.54 3310.28 0.556863 0.556863 0.556863
POINT3 -1541.4 68.6189 4245.18 0.290196 0.290196 0.290196
POINT3 3186.23 -1982.36 10967.7 0.305882 0.305882 0.305882
POINT3 35.0773 1070.68 3506.75 0.580392 0.580392 0.580392
POINT3 -935.726 -2370.8 5437.87 0.611765 0.611765 0.611765
POINT3 604.686 -267.333 3002.47 0.403922 0.403922 0.403922
POINT3 2927.48 -419.164 5330.42 0.211765 0.211765 0.211765
POINT3 2600.69 -2043.88 8787.35 0.305882 0.305882 0.305882
POINT3 1983.34 -1700.24 10431.2 0.235294 0.235294 0.235294
POINT3 1301.69 11.154 10163.8 0.0509804 0.0509804 0.0509804
POINT3 2519.91 -513.129 5779.61 0.294118 0.294118 0.294118
POINT3 2646.61 -555.077 5623.22 0.137255 0.137255 0.137255
POINT3 437.954 45.6868 2534.53 0.180392 0.180392 0.180392
POINT3 381.763 437.881 6113.71 0.631373 0.631373 0.631373
POINT3 -1373.29 782.256 4832.42 0.270588 0.270588 0.270588
POINT3 -2602.67 -678.669 9466.48 0.235294 0.235294 0.235294
POINT3 -877.06 -2559.42 5959.89 0.835294 0.835294 0.835294
POINT3 2213.32 -796.04 6083.82 0.168627 0.168627 0.168627
POINT3 -1405.45 97.204 4351.62 0.211765 0.211765 0.211765
POINT3 2429.37 -2216.33 5411.32 0.647059 0.647059 0.647059
POINT3 3195.95 -108.355 5916.57 0.286275 0.286275 0.286275
POINT3 217.773 -2679.22 7151.23 0.105882 0.105882 0.105882
POINT3 -999.03 -2110.65 5348.4 0.737255 0.737255 0.737255
POINT3 2698.33 205.981 5426.65 0.0705882 0.0705882 0.0705882
POINT3 -951.327 800.777 5868.29 0.305882 0.305882 0.305882
POINT3 -1560.68 -868.683 11034.5 0.231373 0.231373 0.231373
POINT3 -1544.2 907.264 4561.89 0.180392 0.180392 0.180392
POINT3 173.597 -396.952 3812.82 0.211765 0.211765 0.211765
POINT3 -1030.81 1037.44 4087.05 0.454902 0.454902 0.454902
POINT3 -1578.76 937.198 4713.48 0.196078 0.196078 0.196078
POINT3 293.924 -2836.61 7053.18 0.533333 0.533333 0.533333
POINT3 -3231.9 -975.747 10049.4 0.141176 0.141176 0.141176
POINT3 9.48443 1101.95 3541.59 0.439216 0.439216 0.439216
POINT3 2643.04 490.337 5127.17 0.278431 0.278431 0.278431
POINT3 2877.63 553.922 5359.41 0.486275 0.486275 0.486275
POINT3 -935.033 -2455.94 5803.18 0.388235 0.388235 0.388235
POINT3 1927.88 -201.776 7656.19 0.231373 0.231373 0.231373
POINT3 55.8076 -706.173 6072.03 0.0588235 0.0588235 0.0588235
POINT3 -1455.61 146.997 5850.42 0.368627 0.368627 0.368627
POINT3 2390.54 -2357.24 5708.36 0.627451 0.627451 0.627451
POINT3 -1212.17 -2191.72 5284.16 0.564706 0.564706 0.564706
POINT3 -1543.16 583.462 4628.21 0.431373 0.431373 0.431373
POINT3 -1345.36 -2200.36 5281.76 0.733333 0.733333 0.733333
POINT3 -1329.65 989.31 4609.56 0.333333 0.333333 0.333333
POINT3 2489.29 -2252 5546.07 0.682353 0.682353 0.682353
POINT3 -67.353 -3337.77 7175.83 0.74902 0.74902 0.74902
POINT3 -1537 -378.817 4622.59 0.290196 0.290196 0.290196
POINT3 2727.26 -775.593 9363.62 0.101961 0.101961 0.101961
POINT3 -867.139 -2469.86 6014.86 0.698039 0.698039 0.698039
POINT3 2197.81 -705.138 6246.52 0.109804 0.109804 0.109804
POINT3 -1198.32 -2165.17 5406.76 0.627451 0.627451 0.627451
POINT3 -1275.19 -2102.35 5291.52 0.701961 0.701961 0.701961
POINT3 2700.49 -723.073 5409.33 0.133333 0.133333 0.133333
POINT3 2805.08 -169.482 5546.37 0.145098 0.145098 0.145098
POINT3 -1050.83 -2198.28 5546.61 0.588235 0.588235 0.588235
POINT3 -1060.49 -2180.13 5411.33 0.533333 0.533333 0.533333
POINT3 2523.56 -1013.27 5395.09 0.207843 0.207843 0.207843
POINT3 2788.11 -24.0315 5450.48 0.188235 0.188235 0.188235
POINT3 -389.449 -2773.57 11894.4 0.372549 0.372549 0.372549
POINT3 2409.61 581.563 4961.84 0.376471 0.376471 0.376471
POINT3 -1529.96 844.191 4674.05 0.0941176 0.0941176 0.0941176
POINT3 2709 50.3659 5528.64 0.054902 0.054902 0.054902
POINT3 2693.02 -41.1951 5450.37 0.176471 0.176471 0.176471
POINT3 2338.72 569.245 5205.69 0.231373 0.231373 0.231373
POINT3 -1340.67 176.228 4529.41 0.117647 0.117647 0.117647
POINT3 2651.63 200.298 5427 0.145098 0.145098 0.145098
POINT3 -62.8134 -999.822 5950.48 0.376471 0.376471 0.376471
POINT3 1235.6 1093.85 4158.4 0.388235 0.388235 0.388235
POINT3 1992.99 -2385.59 5955.95 0.619608 0.619608 0.619608
POINT3 2538.51 -855.264 8273.79 0.180392 0.180392 0.180392
POINT3 -978.041 871.172 4959.85 0.870588 0.870588 0.870588
POINT3 -2490.72 -2141.32 5901.62 0.423529 0.423529 0.423529
POINT3 4425.7 -3460.5 13970.7 0.309804 0.309804 0.309804
POINT3 -1424.49 -229.603 4471.91 0.239216 0.239216 0.239216
POINT3 2517.88 -474.677 5680.39 0.2 0.2 0.2
POINT3 558.044 -2433 6758.86 0.376471 0.376471 0.376471
POINT3 2617.34 246.987 5473 0.2 0.2 0.2
POINT3 280.821 -2313.62 7054.75 0.505882 0.505882 0.505882
POINT3 -1437.91 -231.199 4482.61 0.305882 0.305882 0.305882
POINT3 346.258 -2737.67 6946.87 0.152941 0.152941 0.152941
POINT3 2540.84 -486.942 5462.37 0.133333 0.133333 0.133333
POINT3 2324.93 235.727 5814.38 0.541176 0.541176 0.541176
POINT3 -1504.41 -313.7 4579.62 0.513726 0.513726 0.513726
POINT3 1202.53 -2510.94 6609.27 0.439216 0.439216 0.439216
POINT3 442.332 456.244 6299.23 0.266667 0.266667 0.266667
POINT3 2384.88 -441.928 8286.76 0.0784314 0.0784314 0.0784314
POINT3 -1357.7 921.664 4742.07 0.184314 0.184314 0.184314
POINT3 169.941 -382.002 4179.97 0.0901961 0.0901961 0.0901961
POINT3 -986.606 858.572 5723.93 0.0980392 0.0980392 0.0980392
POINT3 1221.36 1129.01 4198.19 0.694118 0.694118 0.694118
POINT3 -3863.54 -477.422 8431.84 0.141176 0.141176 0.141176
POINT3 -1859.98 -135.685 5348.57 0.768627 0.768627 0.768627
POINT3 2063.79 -1443.72 5898.57 0.372549 0.372549 0.372549
POINT3 -1717.07 467.916 5498.99 0.447059 0.447059 0.447059
POINT3 1687.01 415.866 6622.98 0.184314 0.184314 0.184314
POINT3 2629.09 -1064.49 5740.76 0.0980392 0.0980392 0.0980392
POINT3 214.501 -1805.7 7697.94 0.329412 0.329412 0.329412
POINT3 -1566.88 891.945 5392.44 0.337255 0.337255 0.337255
POINT3 2602.6 -892.919 5649.59 0.105882 0.105882 0.105882
POINT3 -438.815 1080.07 4328.16 0.588235 0.588235 0.588235
POINT3 -1554.53 643.393 4930.3 0.411765 0.411765 0.411765
POINT3 926.477 -2367.74 6735.49 0.423529 0.423529 0.423529
POINT3 290.942 -2125.56 7725.45 0.352941 0.352941 0.352941
POINT3 2590.56 -271.047 5550.51 0.172549 0.172549 0.172549
POINT3 2000.96 -2276.87 5993.08 0.788235 0.788235 0.788235
POINT3 -434.684 1086.83 4301.83 0.6 0.6 0.6
POINT3 2607.31 -615.121 5708.22 0.192157 0.192157 0.192157
POINT3 -493.85 -2416.98 6344.72 0.627451 0.627451 0.627451
POINT3 2501.36 -944.878 5550.35 0.109804 0.109804 0.109804
POINT3 2669.96 240.681 5643.67 0.0980392 0.0980392 0.0980392
POINT3 -1588.02 850.891 5306.89 0.396078 0.396078 0.396078
POINT3 -1576.15 170.017 5695.69 0.156863 0.156863 0.156863
POINT3 1623.73 -2363.19 6350.63 0.576471 0.576471 0.576471
POINT3 2317.96 -607.63 5746.74 0.184314 0.184314 0.184314
POINT3 -1472.89 258.278 4772.95 0.137255 0.137255 0.137255
POINT3 2356.7 342.102 5785.95 0.4 0.4 0.4
POINT3 -1188.34 917.057 4861.76 0.239216 0.239216 0.239216
POINT3 -1608.64 146.291 5414.54 0.34902 0.34902 0.34902
POINT3 -1391.15 -302.265 4572.48 0.341176 0.341176 0.341176
POINT3 2006.62 -1286.19 5628.17 0.8 0.8 0.8
POINT3 1123.37 -2268.65 6323.3 0.501961 0.501961 0.501961
POINT3 -1363.88 -127.245 4576.32 0.192157 0.192157 0.192157
POINT3 2411.58 177.527 5911.62 0.196078 0.196078 0.196078
POINT3 2407.27 -654.801 5678.37 0.4 0.4 0.4
POINT3 1930.21 -592.287 5976.25 0.290196 0.290196 0.290196
POINT3 2097.05 -109.142 5842.59 0.0980392 0.0980392 0.0980392
POINT3 127.738 -2597.08 7621.71 0.541176 0.541176 0.541176
POINT3 1999.34 -725.832 5978.52 0.0941176 0.0941176 0.0941176
POINT3 -1473.38 -313.211 4772.8 0.164706 0.164706 0.164706
POINT3 561.035 683.281 6583.48 0.266667 0.266667 0.266667
POINT3 -1394.27 521.17 5459.5 0.615686 0.615686 0.615686
POINT3 1983.73 -334 6127.06 0.223529 0.223529 0.223529
POINT3 -1505.88 -410.016 4790.38 0.317647 0.317647 0.317647
POINT3 -1019.06 1030.33 4910.15 0.458824 0.458824 0.458824
POINT3 1706.95 -1918.32 5558.79 0.490196 0.490196 0.490196
POINT3 703.718 -392.434 3574.91 0.478431 0.478431 0.478431
POINT3 932.448 -2457.4 7006.89 0.458824 0.458824 0.458824
POINT3 2332.66 -336.079 5781.29 0.360784 0.360784 0.360784
POINT3 2609.36 -1132.18 6185.74 0.352941 0.352941 0.352941
POINT3 -2600.55 -6.6214 7977.17 0.223529 0.223529 0.223529
POINT3 2283.18 -658.317 5902.84 0.243137 0.243137 0.243137
POINT3 757.4 -413.429 3663.14 0.545098 0.545098 0.545098
POINT3 -3297.99 -800.955 11406.1 0.0666667 0.0666667 0.0666667
POINT3 1985.2 283.11 6036.82 0.211765 0.211765 0.211765
POINT3 -83.601 -2465.62 10123 0.67451 0.67451 0.67451
POINT3 2413.73 -675.954 5824.6 0.0901961 0.0901961 0.0901961
POINT3 1021.82 -2329.13 6571.3 0.517647 0.517647 0.517647
POINT3 750.133 -408.944 3672.39 0.462745 0.462745 0.462745
POINT3 527.376 -144.927 6566.36 0.372549 0.372549 0.372549
POINT3 -1021.69 705.86 6014.14 0.356863 0.356863 0.356863
POINT3 -1309.07 1006.7 5564.6 0.427451 0.427451 0.427451
POINT3 2004.39 -1188.05 5726.53 0.486275 0.486275 0.486275
POINT3 152.826 -1775.29 7621.17 0.337255 0.337255 0.337255
POINT3 741.994 -401.756 3680.04 0.4 0.4 0.4
POINT3 -1153.45 107.333 6192.51 0.458824 0.458824 0.458824
POINT3 -1101.36 1074.04 5059.84 0.470588 0.470588 0.470588
POINT3 863.779 -331.581 3998.01 0.0901961 0.0901961 0.0901961
POINT3 3745.9 -1945.01 10369.3 0.192157 0.192157 0.192157
POINT3 -1409.7 338.413 5739.09 0.482353 0.482353 0.482353
POINT3 -968.767 1048.29 5638.54 0.423529 0.423529 0.423529
POINT3 -1400.83 792.627 5822.83 0.243137 0.243137 0.243137
POINT3 2334.76 -674.342 8765.88 0.172549 0.172549 0.172549
POINT3 3003.95 23.8705 8937.71 0.184314 0.184314 0.184314
POINT3 176.038 -2335.28 7076.39 0.145098 0.145098 0.145098
POINT3 318.562 -2566.7 7122.24 0.564706 0.564706 0.564706
POINT3 -1076.85 531.466 5898.57 0.239216 0.239216 0.239216
POINT3 2888.14 -114.219 8587.73 0.298039 0.298039 0.298039
POINT3 2454.29 -382.625 8472.16 0.141176 0.141176 0.141176
POINT3 -167.328 -190.547 6268.81 0.364706 0.364706 0.364706
POINT3 628.039 -2302.2 6698.39 0.501961 0.501961 0.501961
POINT3 2318.04 332.031 5710.2 0.411765 0.411765 0.411765
POINT3 1797.55 172.297 11652.9 0.160784 0.160784 0.160784
POINT3 189.903 -244.706 4290.12 0.172549 0.172549 0.172549
POINT3 -1026.17 733.469 6234.4 0.309804 0.309804 0.309804
POINT3 -1278.72 579.004 5830.5 0.360784 0.360784 0.360784
POINT3 -992.616 1060.96 5093.56 0.627451 0.627451 0.627451
POINT3 -151.672 329.219 6255.67 0.192157 0.192157 0.192157
POINT3 -1293.04 685.528 5872.11 0.607843 0.607843 0.607843
POINT3 -1315.53 -388.797 10159.9 0.0705882 0.0705882 0.0705882
POINT3 113.887 769.733 6110.34 0.25098 0.25098 0.25098
POINT3 -84.8464 96.9469 6167.17 0.117647 0.117647 0.117647
POINT3 2590.23 -2697.51 10586.6 0.4 0.4 0.4
POINT3 -741.474 -2483.18 8730.83 0.568627 0.568627 0.568627
POINT3 2445.2 -1793.06 10195.2 0.752941 0.752941 0.752941
POINT3 2812.5 -2093.94 7685.04 0.517647 0.517647 0.517647
POINT3 -398.24 931.595 6056.22 0.478431 0.478431 0.478431
POINT3 2716.38 -881.595 11662.7 0.196078 0.196078 0.196078
POINT3 2273.82 -666.983 5762.56 0.152941 0.152941 0.152941
POINT3 2930.96 479.278 8703.87 0.0980392 0.0980392 0.0980392
POINT3 689.338 -187.799 6482.53 0.717647 0.717647 0.717647
POINT3 3179.45 -1036.39 9153.95 0.635294 0.635294 0.635294
POINT3 3423.67 -1293.73 10648.5 0.172549 0.172549 0.172549
POINT3 -750.464 -653.02 11193.8 0.4 0.4 0.4
POINT3 3218.21 -846.994 8986.11 0.152941 0.152941 0.152941
POINT3 -2383.61 -2698.06 11499.8 0.258824 0.258824 0.258824
POINT3 1377.41 -67.6342 9420.54 0.211765 0.211765 0.211765
POINT3 1625.49 552.583 6304.23 0.164706 0.164706 0.164706
POINT3 3152.64 -1416.2 8646.02 0.305882 0.305882 0.305882
POINT3 1264.3 885.375 6831.87 0.243137 0.243137 0.243137
POINT3 2092.63 -2395.21 14480.5 0.0823529 0.0823529 0.0823529
POINT3 1869.55 282.361 6060.77 0.254902 0.254902 0.254902
POINT3 519.819 460.218 6365.28 0.309804 0.309804 0.309804
POINT3 -1254.03 950.951 5576.35 0.478431 0.478431 0.478431
POINT3 -17.6382 509.834 6126.87 0.141176 0.141176 0.141176
POINT3 3340.57 -1671.93 8955.99 0.133333 0.133333 0.133333
POINT3 1915.93 -1026.4 10124.7 0.109804 0.109804 0.109804
POINT3 1949.43 -252.078 10126.1 0.184314 0.184314 0.184314
POINT3 3316.74 -1122.13 9037.09 0.341176 0.341176 0.341176
POINT3 2387.6 -1098.12 10628.3 0.301961 0.301961 0.301961
POINT3 -535.884 804.061 6080.29 0.203922 0.203922 0.203922
POINT3 3154.3 -1236.46 12138.6 0.258824 0.258824 0.258824
POINT3 2997.8 -812.023 8948.84 0.145098 0.145098 0.145098
POINT3 -197.096 121.414 6282.49 0.0627451 0.0627451 0.0627451
POINT3 866.128 -223.977 6628.06 0.384314 0.384314 0.384314
POINT3 426.348 294.298 6286.27 0.368627 0.368627 0.368627
POINT3 2030.97 -912.809 5570.69 0.478431 0.478431 0.478431
POINT3 227.325 750.794 6082.7 0.243137 0.243137 0.243137
POINT3 -1134.54 974.228 5546.38 0.32549 0.32549 0.32549
POINT3 337.498 5.20008 6372.08 0.447059 0.447059 0.447059
POINT3 181.611 -2551.85 7011.69 0.603922 0.603922 0.603922
POINT3 2223.93 -366.513 5809.37 0.337255 0.337255 0.337255
POINT3 1694.97 506.279 6455.23 0.231373 0.231373 0.231373
POINT3 307.485 -1760.56 7747.37 0.411765 0.411765 0.411765
POINT3 -744.939 327.457 6241.04 0.435294 0.435294 0.435294
POINT3 -1241.71 270.418 5770.63 0.4 0.4 0.4
POINT3 -1321.89 792.221 5938.62 0.262745 0.262745 0.262745
POINT3 -1408.2 577.929 5804.72 0.364706 0.364706 0.364706
POINT3 1667.9 -2763.37 12041.1 0.337255 0.337255 0.337255
POINT3 -64.1278 -813.884 6023.97 0.776471 0.776471 0.776471
POINT3 324.954 663.848 6188.35 0.513726 0.513726 0.513726
POINT3 -2252.91 -1079.33 11930.4 0.788235 0.788235 0.788235
POINT3 -385.44 -2327.94 9270.82 0.435294 0.435294 0.435294
POINT3 -1647.27 171.698 5958.71 0.321569 0.321569 0.321569
POINT3 -1685.38 165.284 5853.99 0.270588 0.270588 0.270588
POINT3 452.739 572.434 6302.68 0.270588 0.270588 0.270588
POINT3 -3496.71 -2444.9 9462.08 0.494118 0.494118 0.494118
POINT3 -2542.58 -2736.13 11315.3 0.447059 0.447059 0.447059
POINT3 -2473.8 -2328.24 11652 0.227451 0.227451 0.227451
POINT3 -1357.7 -2091.37 7723.02 0.533333 0.533333 0.533333
POINT3 -911.393 502.609 6175.11 0.796078 0.796078 0.796078
POINT3 -1092.81 221.172 6132.92 0.34902 0.34902 0.34902
POINT3 -2022.18 -2018.32 11666.4 0.498039 0.498039 0.498039
POINT3 2561.94 -2072.46 7342.96 0.498039 0.498039 0.498039
POINT3 20.2179 -367.886 6152.2 0.52549 0.52549 0.52549
POINT3 -1381.77 947.428 5617.65 0.52549 0.52549 0.52549
POINT3 -638.621 458.211 6733.1 0.145098 0.145098 0.145098
POINT3 -793.151 914.768 5954.73 0.486275 0.486275 0.486275
POINT3 2004.92 -1241.46 5645.05 0.870588 0.870588 0.870588
POINT3 -649.634 669.636 6783.48 0.258824 0.258824 0.258824
POINT3 -982.425 876.328 5959.52 0.447059 0.447059 0.447059
POINT3 411.901 -2493.9 7114.24 0.466667 0.466667 0.466667
POINT3 -2898.83 -821.642 11153.7 0.145098 0.145098 0.145098
POINT3 -2592.56 -420.136 9495.69 0.180392 0.180392 0.180392
POINT3 83.6727 -154.071 6052.44 0.411765 0.411765 0.411765
POINT3 217.466 488.013 6080.74 0.403922 0.403922 0.403922
POINT3 -270.962 277.543 6305.88 0.352941 0.352941 0.352941
POINT3 -213.911 37.1666 6230.93 0.388235 0.388235 0.388235
POINT3 -2709.96 -648.07 9346.36 0.388235 0.388235 0.388235
POINT3 -566.332 258.392 6784.58 0.305882 0.305882 0.305882
POINT3 -2557.45 -868.392 11087.1 0.32549 0.32549 0.32549
POINT3 -3606.15 -553.012 8758 0.309804 0.309804 0.309804
POINT3 1659.83 -161.464 7313.86 0.419608 0.419608 0.419608
POINT3 -1336.11 -2040.01 12566.2 0.423529 0.423529 0.423529
POINT3 353.156 -1890.99 7822.25 0.278431 0.278431 0.278431
POINT3 -1376.71 -2383.5 12361.3 0.603922 0.603922 0.603922
POINT3 337.8 266.084 6212.66 0.184314 0.184314 0.184314
POINT3 1616.18 147.243 6372.83 0.345098 0.345098 0.345098
POINT3 -1670.14 208.245 6243 0.345098 0.345098 0.345098
POINT3 2145.64 -367.68 5919.4 0.227451 0.227451 0.227451
POINT3 -941.047 961.91 5862.07 0.482353 0.482353 0.482353
POINT3 3409.37 -1915.42 11843.5 0.45098 0.45098 0.45098
POINT3 -2445.91 -2390.83 12041.2 0.294118 0.294118 0.294118
POINT3 199.651 -307.855 4982.64 0.219608 0.219608 0.219608
POINT3 165.714 289.827 6069.9 0.396078 0.396078 0.396078
POINT3 -859.545 975.053 5924.4 0.690196 0.690196 0.690196
POINT3 2023.45 -309.892 5995.01 0.270588 0.270588 0.270588
POINT3 -1155.89 557.74 5798.53 0.827451 0.827451 0.827451
POINT3 -59.1387 639.314 6165.84 0.192157 0.192157 0.192157
POINT3 206.225 -2162.09 7495.17 0.627451 0.627451 0.627451
POINT3 -268.822 400.887 6320.26 0.14902 0.14902 0.14902
POINT3 -1642.69 710.082 5450.76 0.772549 0.772549 0.772549
POINT3 242.56 916.216 6233.9 0.219608 0.219608 0.219608
POINT3 2079.15 -705.928 5996.73 0.211765 0.211765 0.211765
POINT3 -1318.44 1023.02 5600.03 0.305882 0.305882 0.305882
POINT3 2190.12 -642.643 5949.91 0.270588 0.270588 0.270588
POINT3 1952.52 -1864.94 10295 0.196078 0.196078 0.196078
POINT3 1048.73 -11.9011 9821.73 0.219608 0.219608 0.219608
POINT3 1315.24 531.798 9990.1 0.294118 0.294118 0.294118
POINT3 -778.951 647.78 6526.12 0.752941 0.752941 0.752941
POINT3 401.016 924.85 6338.68 0.341176 0.341176 0.341176
POINT3 -82.3956 757.643 6286.95 0.184314 0.184314 0.184314
POINT3 1779.88 234.415 10058.6 0.105882 0.105882 0.105882
POINT3 178.36 -2491.22 7131.25 0.25098 0.25098 0.25098
POINT3 -782.398 466.888 6412.58 0.501961 0.501961 0.501961
POINT3 1223.88 447.124 6626.43 0.101961 0.101961 0.101961
POINT3 -487.371 1018.56 5639.71 0.388235 0.388235 0.388235
POINT3 1813.88 992.2 6137.66 0.321569 0.321569 0.321569
POINT3 470.477 -2044.91 7906.73 0.152941 0.152941 0.152941
POINT3 2162.01 216.361 5948.76 0.192157 0.192157 0.192157
POINT3 2090.74 -503.283 5947.07 0.270588 0.270588 0.270588
POINT3 2627.78 -2115.38 8320.23 0.172549 0.172549 0.172549
POINT3 350.674 -1369.75 7910.59 0.454902 0.454902 0.454902
POINT3 1401.91 188.048 6158.66 0.192157 0.192157 0.192157
POINT3 -1391.75 -986.559 11635.5 0.384314 0.384314 0.384314
POINT3 194.265 -56.4836 6060.33 0.392157 0.392157 0.392157
POINT3 -996.959 1051.88 4892.66 0.568627 0.568627 0.568627
POINT3 -1069.55 292.481 5933.63 0.117647 0.117647 0.117647
POINT3 -1122.65 -2290.22 8559.1 0.760784 0.760784 0.760784
POINT3 2157.71 -322.057 5842.4 0.215686 0.215686 0.215686
POINT3 -1831.13 -2524.2 11883.1 0.27451 0.27451 0.27451
POINT3 1348.25 -2301.46 15645.4 0.34902 0.34902 0.34902
POINT3 -677.821 467.627 6297.65 0.741176 0.741176 0.741176
POINT3 -1003.23 625.023 6166.88 0.698039 0.698039 0.698039
POINT3 2303.85 -155.65 5959.81 0.129412 0.129412 0.129412
POINT3 2496.83 -1757.9 14999.6 0.203922 0.203922 0.203922
POINT3 -318.115 123.754 6293.5 0.219608 0.219608 0.219608
POINT3 -1021.51 1040.93 4836.52 0.690196 0.690196 0.690196
POINT3 -2975.86 -1753.66 11426.2 0.184314 0.184314 0.184314
POINT3 -43.7123 -866.169 5957.58 0.364706 0.364706 0.364706
POINT3 2690.03 -2049.15 11333.8 0.584314 0.584314 0.584314
POINT3 -1486.96 -1243.77 12083 0.329412 0.329412 0.329412
POINT3 -1595.72 262.466 5942.05 0.376471 0.376471 0.376471
POINT3 -1221.92 159.027 5881.14 0.219608 0.219608 0.219608
POINT3 -2844.49 -367.361 8905.97 0.176471 0.176471 0.176471
POINT3 -1620.05 -458.574 10726.3 0.247059 0.247059 0.247059
POINT3 1864.7 -67.7875 7385.02 0.345098 0.345098 0.345098
POINT3 -2705.24 -590.481 8908.07 0.411765 0.411765 0.411765
POINT3 416.488 47.4547 6430.11 0.337255 0.337255 0.337255
POINT3 -254.505 744.399 6351.24 0.223529 0.223529 0.223529
POINT3 182.754 149.658 6042.01 0.266667 0.266667 0.266667
POINT3 475.964 774.032 6519.76 0.439216 0.439216 0.439216
POINT3 -1011.2 982.237 5752.92 0.2 0.2 0.2
POINT3 557.469 722.323 6521.59 0.32549 0.32549 0.32549
POINT3 2112.22 -715.118 5917.18 0.25098 0.25098 0.25098
POINT3 -1396.97 984.529 5213.46 0.341176 0.341176 0.341176
POINT3 -3459.19 -2574.57 12309.3 0.431373 0.431373 0.431373
POINT3 -2041.86 -1918.49 11789.6 0.431373 0.431373 0.431373
POINT3 3.57437 -634.562 6126.76 0.678431 0.678431 0.678431
POINT3 1367.74 103.485 6447.27 0.352941 0.352941 0.352941
POINT3 -1051.23 133.931 6406.15 0.282353 0.282353 0.282353
POINT3 -1263.3 250.161 5895.5 0.309804 0.309804 0.309804
POINT3 -530.904 830.31 6548.51 0.247059 0.247059 0.247059
POINT3 -222.634 821.631 6392.08 0.329412 0.329412 0.329412
POINT3 1872.67 -615.475 5941.62 0.184314 0.184314 0.184314
POINT3 511.235 299.109 6423.94 0.396078 0.396078 0.396078
POINT3 4338.13 -2242.56 13811.6 0.2 0.2 0.2
POINT3 46.7816 383.112 6163.19 0.196078 0.196078 0.196078
POINT3 1480.7 253.389 6090.08 0.156863 0.156863 0.156863
POINT3 -1001.62 563.722 6229.77 0.996078 0.996078 0.996078
POINT3 -93.7966 897.766 6312.74 0.262745 0.262745 0.262745
POINT3 1820.3 -70.0758 5968.02 0.152941 0.152941 0.152941
POINT3 2809.92 -738.59 8975.44 0.160784 0.160784 0.160784
POINT3 2027.84 -1331.5 6102.43 0.376471 0.376471 0.376471
POINT3 -1394.33 944.148 5716.14 0.32549 0.32549 0.32549
POINT3 -794.351 973.082 6137.68 0.227451 0.227451 0.227451
POINT3 660.882 1086.98 5466.46 0.560784 0.560784 0.560784
POINT3 3231.69 -1377.25 11987.6 0.172549 0.172549 0.172549
POINT3 -825.578 231.229 6316.86 0.380392 0.380392 0.380392
POINT3 -1398.42 302.468 5711.37 0.396078 0.396078 0.396078
POINT3 -987.936 -58.4344 6243 0.407843 0.407843 0.407843
POINT3 39.1858 -223.097 6161.88 0.239216 0.239216 0.239216
POINT3 -2015.36 130.865 10438.8 0.235294 0.235294 0.235294
POINT3 -1307.04 1058.3 5259.51 0.376471 0.376471 0.376471
POINT3 173.65 -2379.05 11541 0.254902 0.254902 0.254902
POINT3 1836.12 -1315.16 13609.6 0.176471 0.176471 0.176471
POINT3 3009.69 31.3561 8523.57 0.0823529 0.0823529 0.0823529
POINT3 -182.686 -2424.89 15127 0.25098 0.25098 0.25098
POINT3 1887.8 -1237.69 5759.09 0.580392 0.580392 0.580392
POINT3 162.074 -481.65 6163.43 0.105882 0.105882 0.105882
POINT3 -3628.43 -1133.57 11673.2 0.294118 0.294118 0.294118
POINT3 2021.01 -194.966 7907.64 0.290196 0.290196 0.290196
POINT3 -1157.74 556.073 5946.88 0.498039 0.498039 0.498039
POINT3 3164.69 -2073.11 7146.1 0.670588 0.670588 0.670588
POINT3 1963.58 -842.671 12698.7 0.403922 0.403922 0.403922
POINT3 2034.55 -648.061 6051.49 0.235294 0.235294 0.235294
POINT3 -664.12 955.953 6092.78 0.254902 0.254902 0.254902
POINT3 -3891.81 -878.458 10394.9 0.172549 0.172549 0.172549
POINT3 1680.8 524.11 6181.84 0.141176 0.141176 0.141176
POINT3 -336.893 535.766 6299.7 0.301961 0.301961 0.301961
POINT3 427.846 -404.101 6476.75 0.137255 0.137255 0.137255
POINT3 143.42 -280.185 6338.04 0.192157 0.192157 0.192157
POINT3 -1329.82 918.602 5954.66 0.341176 0.341176 0.341176
POINT3 1957.57 -549.858 6012.76 0.321569 0.321569 0.321569
POINT3 -2918.69 -36.8565 8094.31 0.145098 0.145098 0.145098
POINT3 -1004.72 1056.36 5685.36 0.317647 0.317647 0.317647
POINT3 -1547.92 18.5035 6091.9 0.113725 0.113725 0.113725
POINT3 -1066.59 125.749 6695.5 0.117647 0.117647 0.117647
POINT3 261.775 -2068.46 7693.4 0.407843 0.407843 0.407843
POINT3 1170.69 989.897 6459.16 0.384314 0.384314 0.384314
POINT3 -853.114 194.73 6377.11 0.678431 0.678431 0.678431
POINT3 -104.413 -846.74 5937.35 0.517647 0.517647 0.517647
POINT3 -1361.32 407.924 6136.48 0.301961 0.301961 0.301961
POINT3 -942.191 -2102.92 7580.51 0.701961 0.701961 0.701961
POINT3 -1177.19 279.241 5917.8 0.105882 0.105882 0.105882
POINT3 -1385.4 280.821 5795.22 0.631373 0.631373 0.631373
POINT3 -3161.16 -334.848 8935.27 0.172549 0.172549 0.172549
POINT3 1916.55 -283.097 6036.37 0.294118 0.294118 0.294118
POINT3 260.136 35.5573 6376.23 0.356863 0.356863 0.356863
POINT3 -800.173 961.158 5967.5 0.552941 0.552941 0.552941
POINT3 3178.53 94.4089 9294.7 0.215686 0.215686 0.215686
POINT3 2015.38 -681.475 6018.46 0.0901961 0.0901961 0.0901961
POINT3 2738.98 -2033.27 11638.7 0.313726 0.313726 0.313726
POINT3 111.177 139.075 6009.03 0.184314 0.184314 0.184314
POINT3 930.145 533.75 9850.89 0.337255 0.337255 0.337255
POINT3 2203.44 -290.42 10020.3 0.203922 0.203922 0.203922
POINT3 -1419.51 -1712.35 11578.8 0.117647 0.117647 0.117647
POINT3 -270.519 238.848 6206.5 0.0901961 0.0901961 0.0901961
POINT3 3140.23 -2724.99 12343.2 0.364706 0.364706 0.364706
POINT3 -1780.49 -2121.53 10974.3 0.423529 0.423529 0.423529
POINT3 191.745 -2279.28 7067.39 0.12549 0.12549 0.12549
POINT3 3186.27 -82.6245 8842.13 0.121569 0.121569 0.121569
POINT3 -692.935 961.268 6029.3 0.2 0.2 0.2
POINT3 2105.78 -16.7134 5861.59 0.109804 0.109804 0.109804
POINT3 -1380.02 -26.9795 5951.75 0.184314 0.184314 0.184314
POINT3 -2641.14 -2478.16 11641.1 0.568627 0.568627 0.568627
POINT3 -819.157 997.451 5807.87 0.713726 0.713726 0.713726
POINT3 -200.432 -65.1149 6163.88 0.101961 0.101961 0.101961
POINT3 2218.83 -123.786 6008.23 0.109804 0.109804 0.109804
POINT3 2083.47 299.307 5955.08 0.101961 0.101961 0.101961
POINT3 -878.46 967.262 6102.72 0.709804 0.709804 0.709804
POINT3 3409.37 -1384.82 9159.67 0.364706 0.364706 0.364706
POINT3 -1018.05 754.509 5983.91 0.368627 0.368627 0.368627
POINT3 285.568 252.171 6154.94 0.164706 0.164706 0.164706
POINT3 -1061.75 660.095 5973.82 0.737255 0.737255 0.737255
POINT3 1175.86 477.016 9724.59 0.286275 0.286275 0.286275
POINT3 2161.14 -461.061 6037.21 0.239216 0.239216 0.239216
POINT3 2433.96 -1635.49 9894.55 0.486275 0.486275 0.486275
POINT3 -1279.54 1033.13 5541.34 0.223529 0.223529 0.223529
POINT3 2092.83 -325.514 5998.79 0.341176 0.341176 0.341176
POINT3 1864.38 -1179.82 5727.64 0.666667 0.666667 0.666667
POINT3 -742.912 -1450.7 11222.8 0.352941 0.352941 0.352941
POINT3 -1781.19 129.371 10179.5 0.0784314 0.0784314 0.0784314
POINT3 -655.892 303.279 7225.53 0.317647 0.317647 0.317647
POINT3 2043.03 -871.876 5690.9 0.294118 0.294118 0.294118
POINT3 -1260.01 987.548 5595.06 0.498039 0.498039 0.498039
POINT3 1648.04 -6.94668 7428.23 0.313726 0.313726 0.313726
POINT3 1995.65 -1066.88 5669.03 0.623529 0.623529 0.623529
POINT3 -1103.55 -1895.31 12114.5 0.913725 0.913725 0.913725
POINT3 -3753.38 -2863.93 11242.5 0.666667 0.666667 0.666667
POINT3 2998.73 -1333.4 9445.49 0.290196 0.290196 0.290196
POINT3 -128.834 -824.432 5976.15 0.572549 0.572549 0.572549
POINT3 -185.524 -713.229 5521.37 0.52549 0.52549 0.52549
POINT3 428.82 -2414.11 7126.92 0.560784 0.560784 0.560784
POINT3 2106.13 -810.791 5927.85 0.141176 0.141176 0.141176
POINT3 2009.44 -1144.88 5673.91 0.615686 0.615686 0.615686
POINT3 -747.163 971.269 5989.14 0.290196 0.290196 0.290196
POINT3 2142.78 -232.015 5886.15 0.32549 0.32549 0.32549
POINT3 -3212.84 -89.2103 8151.17 0.0901961 0.0901961 0.0901961
POINT3 -1343.06 -37.3875 5951.2 0.996078 0.996078 0.996078
POINT3 -704.407 292.611 6318.88 0.839216 0.839216 0.839216
POINT3 1106.24 -2785.06 12538.7 0.27451 0.27451 0.27451
POINT3 1977.68 -2576.85 10742.9 0.513726 0.513726 0.513726
POINT3 2915.82 14.6452 8057.52 0.498039 0.498039 0.498039
POINT3 -2841.72 -2510.52 10002.8 0.545098 0.545098 0.545098
POINT3 -1850.14 -2856.25 12102.5 0.498039 0.498039 0.498039
POINT3 3253.42 -1903.1 11859.9 0.262745 0.262745 0.262745
POINT3 -1116.95 764.851 5858.63 0.611765 0.611765 0.611765
POINT3 -1134.36 -570.164 10675.3 0.239216 0.239216 0.239216
POINT3 -1732.72 304.975 5933.58 0.192157 0.192157 0.192157
POINT3 2016.93 -914.008 5745.16 0.258824 0.258824 0.258824
POINT3 -1485.84 -531.095 10732.1 0.462745 0.462745 0.462745
POINT3 -1190.93 966.217 5705.51 0.729412 0.729412 0.729412
POINT3 1957.3 175.947 5906.38 0.309804 0.309804 0.309804
POINT3 -284.472 217.588 5673.86 0.368627 0.368627 0.368627
POINT3 -1459.16 -2329.92 11599.8 0.243137 0.243137 0.243137
POINT3 1713.26 157.852 6723.8 0.443137 0.443137 0.443137
POINT3 -241.816 -2800.41 14826.2 0.117647 0.117647 0.117647
POINT3 24.8874 108.318 6006.53 0.0705882 0.0705882 0.0705882
POINT3 2149.82 373.872 5893.48 0.333333 0.333333 0.333333
POINT3 -3510.9 -580.322 8982.84 0.560784 0.560784 0.560784
POINT3 -980.06 1086.87 5039.27 0.721569 0.721569 0.721569
POINT3 1373.03 178.09 6818.05 0.254902 0.254902 0.254902
POINT3 344.542 -1835.61 7664.97 0.431373 0.431373 0.431373
POINT3 -907.885 1025.17 5718.8 0.298039 0.298039 0.298039
POINT3 -18.0656 466.442 6109.86 0.360784 0.360784 0.360784
POINT3 -3335.4 -566.313 9065.46 0.482353 0.482353 0.482353
POINT3 2160.17 -856.778 8263.44 0.317647 0.317647 0.317647
POINT3 -1709.83 -2009 11757.5 0.607843 0.607843 0.607843
POINT3 429.442 -2091.7 7713.11 0.290196 0.290196 0.290196
POINT3 -2038.28 -1764.93 11920.1 0.105882 0.105882 0.105882
POINT3 1969.2 312.179 5983.4 0.321569 0.321569 0.321569
POINT3 2519.87 -2129.89 8079.4 0.290196 0.290196 0.290196
POINT3 -3537.97 -1315.48 11475.8 0.141176 0.141176 0.141176
POINT3 1629.34 -1757.61 8060.38 0.341176 0.341176 0.341176
POINT3 2067.51 -1038.48 5739.08 0.847059 0.847059 0.847059
POINT3 322.869 -2208.94 7038.12 0.392157 0.392157 0.392157
POINT3 878.725 -233.331 4410.26 0.235294 0.235294 0.235294
POINT3 -3583.31 -1581.17 11171.9 0.290196 0.290196 0.290196
POINT3 -1663.37 -1327.99 11841.4 0.52549 0.52549 0.52549
POINT3 1398.38 675.082 6924.98 0.12549 0.12549 0.12549
POINT3 2186.41 -819.294 5888.04 0.137255 0.137255 0.137255
POINT3 -3879.69 -2187.85 9056.93 0.294118 0.294118 0.294118
POINT3 1806.25 -885.035 5808.69 0.196078 0.196078 0.196078
POINT3 1841.34 588.69 6118.73 0.27451 0.27451 0.27451
POINT3 -655.115 1033.07 5954.62 0.509804 0.509804 0.509804
POINT3 293.221 -259.606 8003.81 0.0666667 0.0666667 0.0666667
POINT3 -1270.57 1025.7 5595.59 0.529412 0.529412 0.529412
POINT3 -1343.02 212.577 5915.15 0.301961 0.301961 0.301961
POINT3 182.108 -269.161 4628.87 0.219608 0.219608 0.219608
POINT3 1724.09 112.966 7221.26 0.517647 0.517647 0.517647
POINT3 3088.61 401.263 8786.25 0.145098 0.145098 0.145098
POINT3 209.577 615.382 6046.75 0.639216 0.639216 0.639216
POINT3 -924.401 999.379 5812.59 0.54902 0.54902 0.54902
POINT3 2162.71 -798.513 8263.4 0.454902 0.454902 0.454902
POINT3 -847.357 1044.82 5618.2 0.345098 0.345098 0.345098
POINT3 -2414.49 -2521.12 11827.9 0.415686 0.415686 0.415686
POINT3 -1121.55 1020.75 5511.95 0.32549 0.32549 0.32549
POINT3 873.317 -227.338 4681.32 0.215686 0.215686 0.215686
POINT3 -110.764 391.045 6199.69 0.25098 0.25098 0.25098
POINT3 -967.456 -22.0278 11009.8 0.262745 0.262745 0.262745
POINT3 -1307.35 -40.9272 5951.94 0.192157 0.192157 0.192157
POINT3 332.826 -688.019 7979.17 0.227451 0.227451 0.227451
POINT3 10324.8 -4602.77 27696.9 0.823529 0.823529 0.823529
POINT3 260.291 -66.1836 6041.74 0.388235 0.388235 0.388235
POINT3 331.965 -246.907 6449.52 0.156863 0.156863 0.156863
POINT3 1358.41 373.584 5659.87 0.258824 0.258824 0.258824
POINT3 -527.941 -1339.39 8581.56 0.447059 0.447059 0.447059
POINT3 -869.665 305 6207.47 0.686275 0.686275 0.686275
POINT3 -686.288 -1534.95 10565.6 0.662745 0.662745 0.662745
POINT3 -2538.72 -933.358 11124.2 0.345098 0.345098 0.345098
POINT3 4292.44 -4868.66 17305.9 1 1 1
POINT3 -818.572 -1968.21 7860.37 0.639216 0.639216 0.639216
POINT3 -1621.84 245.826 6141.27 0.247059 0.247059 0.247059
POINT3 -1444.71 388.953 5503.55 0.243137 0.243137 0.243137
POINT3 265.518 395.832 6119.58 0.352941 0.352941 0.352941
POINT3 205.222 -254.84 6400.69 0.137255 0.137255 0.137255
POINT3 2242 -2540.88 10568.7 1 1 1
POINT3 144.253 -270.289 4052.99 0.270588 0.270588 0.270588
POINT3 1541 294.858 5547.12 0.47451 0.47451 0.47451
POINT3 -783.769 207.761 6504.89 0.839216 0.839216 0.839216
POINT3 1658.95 -879.479 13406.7 0.25098 0.25098 0.25098
POINT3 1841.89 -1184.76 5748.76 0.611765 0.611765 0.611765
POINT3 -1536.55 297.658 5839.42 0.486275 0.486275 0.486275
POINT3 274.67 -390.261 6514.37 0.317647 0.317647 0.317647
POINT3 167.338 -432.079 6131.19 0.0823529 0.0823529 0.0823529
POINT3 3747.78 -2764.65 12226.2 0.301961 0.301961 0.301961
POINT3 1061.24 379.587 9877.05 0.176471 0.176471 0.176471
POINT3 2124.51 -2512.82 10168.7 0.305882 0.305882 0.305882
POINT3 2161.86 -1044.27 10505.7 0.192157 0.192157 0.192157
POINT3 2017.11 -600.517 5984.33 0.203922 0.203922 0.203922
POINT3 -263.943 851.767 6266.35 0.117647 0.117647 0.117647
POINT3 1223.74 -1902.57 16034.6 0.282353 0.282353 0.282353
POINT3 191.223 -89.8635 6027.08 0.337255 0.337255 0.337255
POINT3 1970.23 -1523.2 14165.6 0.286275 0.286275 0.286275
POINT3 3362.93 -1833.18 11872.8 0.203922 0.203922 0.203922
POINT3 -1639.24 285.918 6036.8 0.352941 0.352941 0.352941
POINT3 -2626.14 -698.631 11200.6 0.227451 0.227451 0.227451
POINT3 2254.53 -839.291 8190.11 0.419608 0.419608 0.419608
POINT3 -1263.93 938.15 5986.13 0.301961 0.301961 0.301961
POINT3 -1622.28 -1764.09 11529.9 0.466667 0.466667 0.466667
POINT3 1527.89 1134.14 5236.42 0.639216 0.639216 0.639216
POINT3 -987.544 268.506 6181.07 0.94902 0.94902 0.94902
POINT3 3150.83 356.248 8628.05 0.34902 0.34902 0.34902
POINT3 -893.217 219.49 6268.89 0.635294 0.635294 0.635294
POINT3 -84.6343 795.106 6261.5 0.262745 0.262745 0.262745
POINT3 356.047 -1321.33 7916.52 0.560784 0.560784 0.560784
POINT3 -1018.34 -418.396 9696.61 0.25098 0.25098 0.25098
POINT3 -956.527 924.703 6312.18 0.345098 0.345098 0.345098
POINT3 -1376.69 272.405 5841.49 0.568627 0.568627 0.568627
POINT3 -1627.1 239.26 5995.04 0.372549 0.372549 0.372549
POINT3 2188 -786.257 12379.6 0.254902 0.254902 0.254902
